=== hit 1 frame=13 trace_seq=002B vram=0080 tile=008 pc=000C9E ===
ppu_index=0000 ppu_ptr_raw=0302 ppu_ptr_res=00000000 d0=00000400 d1=00000001 d2=00000000 d3=00000080 d4=FFFFFFFFC0000080 a0=00FFC000 a1=00000302 a7=00FFFD82
stack[0]=00000912 stack[4]=00000001 stack[8]=00000000 stack[C]=00000080 stack[24]=000074F6 stack[28]=000074A6 stack[2C]=00001B2A
ram_0302[00:3F] = FF 00 00 00 00 00 00 00 00 00 00 00 00 00 00 00 00 00 00 00 00 00 00 00 00 00 00 00 00 00 00 00 00 00 00 00 00 00 00 00 00 00 00 00 00 00 00 00 00 00 00 00 00 00 00 00 00 00 00 00 00 00 00 00
ram_0302[40:7F] = 00 00 00 00 00 00 00 00 00 00 00 00 00 00 00 00 00 00 00 00 00 00 00 00 00 00 00 00 00 00 00 00 00 00 00 00 00 00 00 00 00 00 00 00 00 00 00 00 00 00 00 00 00 00 00 00 00 00 00 00 00 00 00 00

=== hit 2 frame=14 trace_seq=002B vram=00A0 tile=00A pc=000C9E ===
ppu_index=0000 ppu_ptr_raw=0302 ppu_ptr_res=00000000 d0=00000400 d1=00000001 d2=00000000 d3=000000A0 d4=FFFFFFFFC00000A0 a0=00FFC000 a1=00000302 a7=00FFFD82
stack[0]=00000912 stack[4]=00000001 stack[8]=00000000 stack[C]=000000A0 stack[24]=000074F6 stack[28]=000074A6 stack[2C]=00001B2A
ram_0302[00:3F] = FF 00 00 00 00 00 00 00 00 00 00 00 00 00 00 00 00 00 00 00 00 00 00 00 00 00 00 00 00 00 00 00 00 00 00 00 00 00 00 00 00 00 00 00 00 00 00 00 00 00 00 00 00 00 00 00 00 00 00 00 00 00 00 00
ram_0302[40:7F] = 00 00 00 00 00 00 00 00 00 00 00 00 00 00 00 00 00 00 00 00 00 00 00 00 00 00 00 00 00 00 00 00 00 00 00 00 00 00 00 00 00 00 00 00 00 00 00 00 00 00 00 00 00 00 00 00 00 00 00 00 00 00 00 00

=== hit 3 frame=16 trace_seq=002B vram=0250 tile=025 pc=000C9E ===
ppu_index=0000 ppu_ptr_raw=0302 ppu_ptr_res=00000000 d0=00000400 d1=00000001 d2=00000000 d3=00000250 d4=FFFFFFFFC0000250 a0=00FFC000 a1=00000302 a7=00FFFD82
stack[0]=00000912 stack[4]=00000001 stack[8]=00000000 stack[C]=00000250 stack[24]=000074F6 stack[28]=000074A6 stack[2C]=00001B2A
ram_0302[00:3F] = FF 00 00 00 00 00 00 00 00 00 00 00 00 00 00 00 00 00 00 00 00 00 00 00 00 00 00 00 00 00 00 00 00 00 00 00 00 00 00 00 00 00 00 00 00 00 00 00 00 00 00 00 00 00 00 00 00 00 00 00 00 00 00 00
ram_0302[40:7F] = 00 00 00 00 00 00 00 00 00 00 00 00 00 00 00 00 00 00 00 00 00 00 00 00 00 00 00 00 00 00 00 00 00 00 00 00 00 00 00 00 00 00 00 00 00 00 00 00 00 00 00 00 00 00 00 00 00 00 00 00 00 00 00 00

=== hit 4 frame=23 trace_seq=002D vram=0080 tile=008 pc=000C9E ===
ppu_index=0000 ppu_ptr_raw=0302 ppu_ptr_res=00000000 d0=00000400 d1=00000003 d2=00000000 d3=00000080 d4=FFFFFFFFC0000080 a0=00FFC000 a1=00000302 a7=00FFFD82
stack[0]=00000912 stack[4]=00000003 stack[8]=00000000 stack[C]=00000080 stack[24]=000074F6 stack[28]=000074A6 stack[2C]=00001B2A
ram_0302[00:3F] = FF 00 00 00 00 00 00 00 00 00 00 00 00 00 00 00 00 00 00 00 00 00 00 00 00 00 00 00 00 00 00 00 00 00 00 00 00 00 00 00 00 00 00 00 00 00 00 00 00 00 00 00 00 00 00 00 00 00 00 00 00 00 00 00
ram_0302[40:7F] = 00 00 00 00 00 00 00 00 00 00 00 00 00 00 00 00 00 00 00 00 00 00 00 00 00 00 00 00 00 00 00 00 00 00 00 00 00 00 00 00 00 00 00 00 00 00 00 00 00 00 00 00 00 00 00 00 00 00 00 00 00 00 00 00

=== hit 5 frame=23 trace_seq=002D vram=00A0 tile=00A pc=000C9E ===
ppu_index=0000 ppu_ptr_raw=0302 ppu_ptr_res=00000000 d0=00000400 d1=00000003 d2=00000000 d3=000000A0 d4=FFFFFFFFC00000A0 a0=00FFC000 a1=00000302 a7=00FFFD82
stack[0]=00000912 stack[4]=00000003 stack[8]=00000000 stack[C]=000000A0 stack[24]=000074F6 stack[28]=000074A6 stack[2C]=00001B2A
ram_0302[00:3F] = FF 00 00 00 00 00 00 00 00 00 00 00 00 00 00 00 00 00 00 00 00 00 00 00 00 00 00 00 00 00 00 00 00 00 00 00 00 00 00 00 00 00 00 00 00 00 00 00 00 00 00 00 00 00 00 00 00 00 00 00 00 00 00 00
ram_0302[40:7F] = 00 00 00 00 00 00 00 00 00 00 00 00 00 00 00 00 00 00 00 00 00 00 00 00 00 00 00 00 00 00 00 00 00 00 00 00 00 00 00 00 00 00 00 00 00 00 00 00 00 00 00 00 00 00 00 00 00 00 00 00 00 00 00 00

END
