=== FILE SELECT STATE PROBE zelda_v424 ===
state frame=1 ready=0 script=0 sub=0 ppu=0x00 slot=0 active=[00,00,00,00,00] trace=[0000,0000]
heartbeat frame=120 ready=0 script=0 sub=0 ppu=0x00 slot=0 active=[00,00,00,00,00] trace=[0403,002F]
heartbeat frame=240 ready=0 script=0 sub=0 ppu=0x00 slot=0 active=[00,00,00,00,00] trace=[0403,002F]
heartbeat frame=360 ready=0 script=0 sub=0 ppu=0x00 slot=0 active=[00,00,00,00,00] trace=[0403,00A8]
heartbeat frame=480 ready=0 script=0 sub=0 ppu=0x00 slot=0 active=[00,00,00,00,00] trace=[0403,00A8]
state frame=546 ready=0 script=0 sub=0 ppu=0x00 slot=0 active=[00,00,00,01,01] trace=[0403,00D7]
state frame=547 ready=0 script=0 sub=0 ppu=0x00 slot=0 active=[00,F8,00,01,01] trace=[0403,00F6]
state frame=557 ready=1 script=0 sub=0 ppu=0x10 slot=0 active=[00,F8,00,01,01] trace=[0203,0132]
state frame=563 ready=1 script=0 sub=0 ppu=0x00 slot=0 active=[23,13,C1,00,FF] trace=[0403,0197]
state frame=595 ready=1 script=0 sub=1 ppu=0x12 slot=0 active=[23,F8,C1,00,FF] trace=[0203,048A]
state frame=596 ready=1 script=0 sub=1 ppu=0x00 slot=0 active=[23,F8,C1,00,FF] trace=[0318,04AA]
state frame=599 ready=1 script=0 sub=1 ppu=0x00 slot=1 active=[23,F8,C1,00,FF] trace=[0318,04AA]
heartbeat frame=600 ready=1 script=0 sub=1 ppu=0x00 slot=1 active=[23,F8,C1,00,FF] trace=[0318,04AA]
state frame=602 ready=1 script=0 sub=1 ppu=0x00 slot=2 active=[23,F8,C1,00,FF] trace=[0318,04AA]
state frame=606 ready=1 script=0 sub=2 ppu=0x00 slot=2 active=[23,F8,00,00,FF] trace=[0318,04BA]
state frame=607 ready=1 script=0 sub=2 ppu=0x00 slot=1 active=[23,00,00,00,FF] trace=[0318,04BA]
state frame=609 ready=1 script=0 sub=2 ppu=0x00 slot=0 active=[00,00,00,00,FF] trace=[0318,04BA]
state frame=610 ready=0 script=1 sub=0 ppu=0x00 slot=0 active=[00,00,00,01,01] trace=[0318,04CF]
state frame=611 ready=0 script=1 sub=0 ppu=0x00 slot=1 active=[00,00,00,01,01] trace=[0318,04CF]
state frame=612 ready=0 script=1 sub=0 ppu=0x00 slot=2 active=[00,00,00,01,01] trace=[0318,04CF]
state frame=613 ready=0 script=1 sub=2 ppu=0x12 slot=0 active=[00,00,00,01,01] trace=[0403,04E5]
state frame=623 ready=0 script=1 sub=3 ppu=0x14 slot=0 active=[00,00,00,01,01] trace=[0203,0503]
state frame=625 ready=0 script=1 sub=5 ppu=0x00 slot=2 active=[00,00,00,01,01] trace=[0203,054D]
state frame=626 ready=0 script=1 sub=6 ppu=0x00 slot=3 active=[00,00,00,01,01] trace=[0203,0561]
state frame=627 ready=1 script=1 sub=0 ppu=0x00 slot=0 active=[00,00,00,01,01] trace=[0203,0575]
file_select_entered frame=627
state frame=628 ready=1 script=1 sub=0 ppu=0x00 slot=3 active=[00,00,00,01,01] trace=[0318,0585]

=== SETTLED ===
final frame=716 ready=1 script=1 sub=0 ppu=0x00 slot=3 active=[00,00,00,01,01] trace=[0203,0B1A]
stable_start_frame=627
ppu_shadow ctrl=B0 mask=1E
pal[00-1F]=0F 30 00 12 0F 16 27 36 0F 0C 1C 2C 0F 12 1C 2C 00 29 27 07 00 22 27 07 00 26 27 07 00 15 27 30
cram[00-3F]=00A0 0888 0000 0406 0004 0024 0004 0026 0042 0040 0060 0640 0444 0000 0000 0000 0EEE 00A0 0ACE 0000 0806 028C 0EEE 0000 0444 0680 0E60 0000 0ACE 0680 0E60 0000 0EEE 02EE 06EE 08CE 0AAE 0AAE 04AE 028C 00EC 00E4 04E4 0EE4 0E60 0000 0000 0000 0EEE 0EEE 0EEE 0EEE 0EEE 0EEE 0EEE 0EEE 0EEE 0EEE 0EEE 0EEE 0EEE 0000 0000 0000
nt[04]=24 24 24 24 24 24 24 24 24 24 24 24 24 24 24 24 24 24 24 24 24 24 24 24 24 24 24 24 24 24 24 24
nt[05]=24 24 24 24 24 24 24 24 62 24 1C 24 0E 24 15 24 0E 24 0C 24 1D 24 62 24 24 24 24 24 24 24 24 24
nt[06]=24 24 24 24 24 24 24 24 24 24 24 24 24 24 24 24 24 24 24 24 24 24 24 24 24 24 24 24 24 24 24 24
nt[07]=24 24 24 24 24 24 24 24 24 24 24 24 24 24 24 24 24 24 24 24 24 24 24 24 24 24 24 24 24 24 24 24
nt[08]=24 24 24 69 6A 6A 6A 6A 6A 6A 24 17 0A 16 0E 24 6A 6A 6A 24 15 12 0F 0E 24 6A 6A 6A 6B 24 24 24
nt[09]=24 24 24 6C 24 24 24 24 24 24 24 24 24 24 24 24 24 24 24 24 24 24 24 24 24 24 24 24 6C 24 24 24
nt[10]=24 24 24 6C 24 24 24 24 24 24 24 24 24 24 24 24 24 24 24 24 24 24 24 24 24 24 24 24 6C 24 24 24
nt[11]=24 24 24 6C 24 24 24 24 24 24 24 24 24 24 24 24 24 24 24 24 24 24 24 24 24 24 24 24 6C 24 24 24
nt[12]=24 24 24 6C 24 24 24 24 24 24 24 24 24 24 24 24 24 24 24 24 24 24 24 24 24 24 24 24 6C 24 24 24
nt[13]=24 24 24 6C 24 24 24 24 24 24 24 24 24 24 24 24 24 24 24 24 24 24 24 24 24 24 24 24 6C 24 24 24
nt[14]=24 24 24 6C 24 24 24 24 24 24 24 24 24 24 24 24 24 24 24 24 24 24 24 24 24 24 24 24 6C 24 24 24
nt[15]=24 24 24 6C 24 24 24 24 24 24 24 24 24 24 24 24 24 24 24 24 24 24 24 24 24 24 24 24 6C 24 24 24
nt[16]=24 24 24 6C 24 24 24 24 24 24 24 24 24 24 24 24 24 24 24 24 24 24 24 24 24 24 24 24 6C 24 24 24
nt[17]=24 24 24 6C 24 24 24 24 24 24 24 24 24 24 24 24 24 24 24 24 24 24 24 24 24 24 24 24 6C 24 24 24
nt[18]=24 24 24 6C 24 24 24 24 24 24 24 24 24 24 24 24 24 24 24 24 24 24 24 24 24 24 24 24 6C 24 24 24
nt[19]=24 24 24 6C 24 24 24 24 24 24 24 24 24 24 24 24 24 24 24 24 24 24 24 24 24 24 24 24 6C 24 24 24
nt[20]=24 24 24 6C 24 24 24 24 24 24 24 24 24 24 24 24 24 24 24 24 24 24 24 24 24 24 24 24 6C 24 24 24
nt[21]=24 24 24 6C 24 24 1B 0E 10 12 1C 1D 0E 1B 24 22 18 1E 1B 24 17 0A 16 0E 24 24 24 24 6C 24 24 24
nt[22]=24 24 24 6C 24 24 24 24 24 24 24 24 24 24 24 24 24 24 24 24 24 24 24 24 24 24 24 24 6C 24 24 24
nt[23]=24 24 24 6C 24 24 0E 15 12 16 12 17 0A 1D 12 18 17 24 16 18 0D 0E 24 24 24 24 24 24 6C 24 24 24
nt[24]=24 24 24 6C 24 24 24 24 24 24 24 24 24 24 24 24 24 24 24 24 24 24 24 24 24 24 24 24 6C 24 24 24
nt[25]=24 24 24 6E 6A 6A 6A 6A 6A 6A 6A 6A 6A 6A 6A 6A 6A 6A 6A 6A 6A 6A 6A 6A 6A 6A 6A 6A 6D 24 24 24
nt[26]=24 24 24 24 24 24 24 24 24 24 24 24 24 24 24 24 24 24 24 24 24 24 24 24 24 24 24 24 24 24 24 24
nt[27]=24 24 24 24 24 24 24 24 24 24 24 24 24 24 24 24 24 24 24 24 24 24 24 24 24 24 24 24 24 24 24 24
nt[28]=24 24 24 24 24 24 24 24 24 24 24 24 24 24 24 24 24 24 24 24 24 24 24 24 24 24 24 24 24 24 24 24
attr[00]=00 00 00 00 00 00 00 00
attr[01]=00 00 00 00 00 00 00 00
attr[02]=00 00 00 00 40 50 50 00
attr[03]=00 00 00 00 44 55 55 00
attr[04]=00 00 00 00 44 55 55 00
attr[05]=00 00 00 00 00 00 00 00
attr[06]=00 00 00 00 00 00 00 00
attr[07]=00 00 00 00 00 00 00 24
plane[04]=0124 0124 0124 0124 0124 0124 0124 0124 0124 0124 0124 0124 0124 0124 0124 0124 0124 0124 0124 0124 0124 0124 0124 0124 0124 0124 0124 0124 0124 0124 0124 0124
plane[05]=0124 0124 0124 0124 0124 0124 0124 0124 0162 0124 011C 0124 010E 0124 0115 0124 010E 0124 010C 0124 011D 0124 0162 0124 0124 0124 0124 0124 0124 0124 0124 0124
plane[06]=0124 0124 0124 0124 0124 0124 0124 0124 0124 0124 0124 0124 0124 0124 0124 0124 0124 0124 0124 0124 0124 0124 0124 0124 0124 0124 0124 0124 0124 0124 0124 0124
plane[07]=0124 0124 0124 0124 0124 0124 0124 0124 0124 0124 0124 0124 0124 0124 0124 0124 0124 0124 0124 0124 0124 0124 0124 0124 0124 0124 0124 0124 0124 0124 0124 0124
plane[08]=0124 0124 0124 0169 016A 016A 016A 016A 016A 016A 0124 0117 010A 0116 010E 0124 016A 016A 016A 0124 0115 0112 010F 010E 0124 016A 016A 016A 016B 0124 0124 0124
plane[09]=0124 0124 0124 016C 0124 0124 0124 0124 0124 0124 0124 0124 0124 0124 0124 0124 0124 0124 0124 0124 0124 0124 0124 0124 0124 0124 0124 0124 016C 0124 0124 0124
plane[10]=0124 0124 0124 016C 0124 0124 0124 0124 0124 0124 0124 0124 0124 0124 0124 0124 0124 0124 2124 2124 2124 2124 2124 2124 2124 2124 2124 2124 016C 0124 0124 0124
plane[11]=0124 0124 0124 016C 0124 0124 0124 0124 0124 0124 0124 0124 0124 0124 0124 0124 0124 0124 2124 2124 2124 2124 2124 2124 2124 2124 2124 2124 016C 0124 0124 0124
plane[12]=0124 0124 0124 016C 0124 0124 0124 0124 0124 0124 0124 0124 0124 0124 0124 0124 0124 0124 2124 2124 2124 2124 2124 2124 2124 2124 2124 2124 016C 0124 0124 0124
plane[13]=0124 0124 0124 016C 0124 0124 0124 0124 0124 0124 0124 0124 0124 0124 0124 0124 0124 0124 2124 2124 2124 2124 2124 2124 2124 2124 2124 2124 016C 0124 0124 0124
plane[14]=0124 0124 0124 016C 0124 0124 0124 0124 0124 0124 0124 0124 0124 0124 0124 0124 0124 0124 2124 2124 2124 2124 2124 2124 2124 2124 2124 2124 016C 0124 0124 0124
plane[15]=0124 0124 0124 016C 0124 0124 0124 0124 0124 0124 0124 0124 0124 0124 0124 0124 0124 0124 2124 2124 2124 2124 2124 2124 2124 2124 2124 2124 016C 0124 0124 0124
plane[16]=0124 0124 0124 016C 0124 0124 0124 0124 0124 0124 0124 0124 0124 0124 0124 0124 0124 0124 2124 2124 2124 2124 2124 2124 2124 2124 2124 2124 016C 0124 0124 0124
plane[17]=0124 0124 0124 016C 0124 0124 0124 0124 0124 0124 0124 0124 0124 0124 0124 0124 0124 0124 2124 2124 2124 2124 2124 2124 2124 2124 2124 2124 016C 0124 0124 0124
plane[18]=0124 0124 0124 016C 0124 0124 0124 0124 0124 0124 0124 0124 0124 0124 0124 0124 0124 0124 2124 2124 2124 2124 2124 2124 2124 2124 2124 2124 016C 0124 0124 0124
plane[19]=0124 0124 0124 016C 0124 0124 0124 0124 0124 0124 0124 0124 0124 0124 0124 0124 0124 0124 2124 2124 2124 2124 2124 2124 2124 2124 2124 2124 016C 0124 0124 0124
plane[20]=0124 0124 0124 016C 0124 0124 0124 0124 0124 0124 0124 0124 0124 0124 0124 0124 0124 0124 0124 0124 0124 0124 0124 0124 0124 0124 0124 0124 016C 0124 0124 0124
plane[21]=0124 0124 0124 016C 0124 0124 011B 010E 0110 0112 011C 011D 010E 011B 0124 0122 0118 011E 011B 0124 0117 010A 0116 010E 0124 0124 0124 0124 016C 0124 0124 0124
plane[22]=0124 0124 0124 016C 0124 0124 0124 0124 0124 0124 0124 0124 0124 0124 0124 0124 0124 0124 0124 0124 0124 0124 0124 0124 0124 0124 0124 0124 016C 0124 0124 0124
plane[23]=0124 0124 0124 016C 0124 0124 010E 0115 0112 0116 0112 0117 010A 011D 0112 0118 0117 0124 0116 0118 010D 010E 0124 0124 0124 0124 0124 0124 016C 0124 0124 0124
plane[24]=0124 0124 0124 016C 0124 0124 0124 0124 0124 0124 0124 0124 0124 0124 0124 0124 0124 0124 0124 0124 0124 0124 0124 0124 0124 0124 0124 0124 016C 0124 0124 0124
plane[25]=0124 0124 0124 016E 016A 016A 016A 016A 016A 016A 016A 016A 016A 016A 016A 016A 016A 016A 016A 016A 016A 016A 016A 016A 016A 016A 016A 016A 016D 0124 0124 0124
plane[26]=0124 0124 0124 0124 0124 0124 0124 0124 0124 0124 0124 0124 0124 0124 0124 0124 0124 0124 0124 0124 0124 0124 0124 0124 0124 0124 0124 0124 0124 0124 0124 0124
plane[27]=0124 0124 0124 0124 0124 0124 0124 0124 0124 0124 0124 0124 0124 0124 0124 0124 0124 0124 0124 0124 0124 0124 0124 0124 0124 0124 0124 0124 0124 0124 0124 0124
plane[28]=0124 0124 0124 0124 0124 0124 0124 0124 0124 0124 0124 0124 0124 0124 0124 0124 0124 0124 0124 0124 0124 0124 0124 0124 0124 0124 0124 0124 0124 0124 2124 2124
plane_tiles_top=
tile[01]=124 count=681 sample=0124
tile[02]=16A count=36 sample=016A
tile[03]=16C count=32 sample=016C
tile[04]=10E count=9 sample=010E
tile[05]=112 count=5 sample=0112
tile[06]=116 count=4 sample=0116
tile[07]=117 count=4 sample=0117
tile[08]=10A count=3 sample=010A
tile[09]=115 count=3 sample=0115
tile[10]=118 count=3 sample=0118
tile[11]=11B count=3 sample=011B
tile[12]=11D count=3 sample=011D
tile[13]=11C count=2 sample=011C
tile[14]=162 count=2 sample=0162
tile[15]=10C count=1 sample=010C
tile[16]=10D count=1 sample=010D
tile[17]=10F count=1 sample=010F
tile[18]=110 count=1 sample=0110
tile[19]=11E count=1 sample=011E
tile[20]=122 count=1 sample=0122
tile[21]=169 count=1 sample=0169
tile[22]=16B count=1 sample=016B
tile[23]=16D count=1 sample=016D
tile[24]=16E count=1 sample=016E
chr[124]=00 00 00 00 00 00 00 00 00 00 00 00 00 00 00 00
vram_tile[124]=0000 0000 0000 0000 0000 0000 0000 0000 0000 0000 0000 0000 0000 0000 0000 0000
chr[16A]=00 00 00 FF FF 00 00 00 00 00 00 FF FF 00 00 00
vram_tile[16A]=0000 0000 0000 0000 0000 0000 3333 3333 3333 3333 0000 0000 0000 0000 0000 0000
chr[16C]=18 18 18 18 18 18 18 18 18 18 18 18 18 18 18 18
vram_tile[16C]=0003 3000 0003 3000 0003 3000 0003 3000 0003 3000 0003 3000 0003 3000 0003 3000
chr[10E]=FE C0 C0 FC C0 C0 FE 00 00 00 00 00 00 00 00 00
vram_tile[10E]=1111 1110 1100 0000 1100 0000 1111 1100 1100 0000 1100 0000 1111 1110 0000 0000
chr[112]=3C 18 18 18 18 18 3C 00 00 00 00 00 00 00 00 00
vram_tile[112]=0011 1100 0001 1000 0001 1000 0001 1000 0001 1000 0001 1000 0011 1100 0000 0000
chr[116]=C6 EE FE FE D6 C6 C6 00 00 00 00 00 00 00 00 00
vram_tile[116]=1100 0110 1110 1110 1111 1110 1111 1110 1101 0110 1100 0110 1100 0110 0000 0000
chr[117]=C6 E6 F6 FE DE CE C6 00 00 00 00 00 00 00 00 00
vram_tile[117]=1100 0110 1110 0110 1111 0110 1111 1110 1101 1110 1100 1110 1100 0110 0000 0000
chr[10A]=38 6C C6 C6 FE C6 C6 00 00 00 00 00 00 00 00 00
vram_tile[10A]=0011 1000 0110 1100 1100 0110 1100 0110 1111 1110 1100 0110 1100 0110 0000 0000
chr[115]=60 60 60 60 60 60 7E 00 00 00 00 00 00 00 00 00
vram_tile[115]=0110 0000 0110 0000 0110 0000 0110 0000 0110 0000 0110 0000 0111 1110 0000 0000
chr[118]=7C C6 C6 C6 C6 C6 7C 00 00 00 00 00 00 00 00 00
vram_tile[118]=0111 1100 1100 0110 1100 0110 1100 0110 1100 0110 1100 0110 0111 1100 0000 0000
chr[11B]=FC C6 C6 FC D8 CC C6 00 00 00 00 00 00 00 00 00
vram_tile[11B]=1111 1100 1100 0110 1100 0110 1111 1100 1101 1000 1100 1100 1100 0110 0000 0000
chr[11D]=7E 18 18 18 18 18 18 00 00 00 00 00 00 00 00 00
vram_tile[11D]=0111 1110 0001 1000 0001 1000 0001 1000 0001 1000 0001 1000 0001 1000 0000 0000
chr[11C]=78 CC C0 7C 06 C6 7C 00 00 00 00 00 00 00 00 00
vram_tile[11C]=0111 1000 1100 1100 1100 0000 0111 1100 0000 0110 1100 0110 0111 1100 0000 0000
chr[162]=00 00 00 FC 00 00 00 00 00 00 00 00 00 00 00 00
vram_tile[162]=0000 0000 0000 0000 0000 0000 1111 1100 0000 0000 0000 0000 0000 0000 0000 0000
chr[10C]=3C 66 C0 C0 C0 66 3C 00 00 00 00 00 00 00 00 00
vram_tile[10C]=0011 1100 0110 0110 1100 0000 1100 0000 1100 0000 0110 0110 0011 1100 0000 0000
chr[10D]=F8 CC C6 C6 C6 CC F8 00 00 00 00 00 00 00 00 00
vram_tile[10D]=1111 1000 1100 1100 1100 0110 1100 0110 1100 0110 1100 1100 1111 1000 0000 0000
screenshot=C:\Users\Jake Diggity\Documents\GitHub\NES-TO-SEGA-GENESIS\diag\reports\screens\zelda_v424_file_select_state_f716.png

=== SUMMARY ===
summary frame=716 ready=1 script=1 sub=0 ppu=0x00 slot=3 active=[00,00,00,01,01] trace=[0203,0B1A]
stable_count=90
