=== FILE SELECT STATE PROBE zelda_v573 ===
state frame=1 ready=0 script=0 sub=0 ppu=0x00 slot=0 active=[00,00,00,00,00] trace=[0000,0000]
state frame=17 ready=0 script=0 sub=0 ppu=0x10 slot=0 active=[00,00,00,00,00] trace=[02C0,0014]
state frame=77 ready=0 script=0 sub=0 ppu=0x00 slot=0 active=[00,00,00,00,00] trace=[0403,006B]
heartbeat frame=120 ready=0 script=0 sub=0 ppu=0x00 slot=0 active=[00,00,00,00,00] trace=[0421,00A1]
heartbeat frame=240 ready=0 script=0 sub=0 ppu=0x00 slot=0 active=[00,00,00,00,00] trace=[0403,0313]
heartbeat frame=360 ready=0 script=0 sub=0 ppu=0x00 slot=0 active=[00,00,00,00,00] trace=[0403,0693]
heartbeat frame=480 ready=0 script=0 sub=0 ppu=0x00 slot=0 active=[00,00,00,00,00] trace=[0403,0A11]
heartbeat frame=600 ready=0 script=0 sub=0 ppu=0x00 slot=0 active=[00,00,00,00,00] trace=[0403,0D91]
heartbeat frame=720 ready=0 script=0 sub=0 ppu=0x00 slot=0 active=[00,00,00,00,00] trace=[0403,110F]
heartbeat frame=840 ready=0 script=0 sub=0 ppu=0x00 slot=0 active=[00,00,00,00,00] trace=[0403,148F]
heartbeat frame=960 ready=0 script=0 sub=0 ppu=0x00 slot=0 active=[00,00,00,00,00] trace=[0403,180F]
heartbeat frame=1080 ready=0 script=0 sub=0 ppu=0x00 slot=0 active=[00,00,00,00,00] trace=[0403,1B8F]
heartbeat frame=1200 ready=0 script=0 sub=0 ppu=0x00 slot=0 active=[00,00,00,00,00] trace=[0403,1F0D]
heartbeat frame=1320 ready=0 script=0 sub=0 ppu=0x00 slot=0 active=[00,00,00,00,00] trace=[0403,228D]

=== SETTLED ===
final frame=1400 ready=0 script=0 sub=0 ppu=0x00 slot=0 active=[00,00,00,00,00] trace=[0403,24E1]
ppu_shadow ctrl=B0 mask=1E spr_idx=00/00
pal[00-1F]=00 0F 00 00 10 00 00 00 10 00 00 00 10 00 00 00 29 00 10 10 02 10 10 10 16 10 10 10 0B 10 10 10
cram[00-3F]=0ACE 0000 0666 0666 0666 0666 0666 0666 0666 0040 0040 0040 0440 0000 0000 0ACE 0000 0666 0EEE 0EEE 0000 0AAA 0EEE 0000 0066 0084 0080 0280 0860 0000 0000 0000 0000 0EEE 0EEE 0000 0000 028C 0EEE 0000 00AA 00C8 02C6 08C4 0CC4 0444 0000 0000 0000 0080 0040 0000 0000 0280 08C4 0666 08CC 08EC 0AEA 0CEA 0ECA 0000 0000 0000
nt[04]=24 24 24 24 24 24 24 24 24 24 24 24 24 24 24 24 24 24 24 24 24 24 24 24 24 24 24 24 24 24 24 24
nt[05]=24 24 24 24 24 24 24 24 24 24 24 24 24 24 24 24 24 24 24 24 24 24 24 24 24 24 24 24 24 24 24 24
nt[06]=24 24 24 24 24 24 24 24 24 24 24 24 24 24 24 24 24 24 24 24 24 24 24 24 24 24 24 24 24 24 24 24
nt[07]=24 24 24 24 24 24 24 24 24 24 24 24 24 24 24 24 24 24 24 24 24 24 24 24 24 24 24 24 24 24 24 24
nt[08]=24 24 24 24 24 24 24 24 24 24 24 24 24 24 24 24 24 24 24 24 24 24 24 24 24 24 24 24 24 24 24 24
nt[09]=24 24 24 24 24 24 24 24 24 24 24 24 24 24 24 24 24 24 24 24 24 24 24 24 24 24 24 24 24 24 24 24
nt[10]=24 24 24 24 24 24 24 24 24 24 24 24 24 24 24 24 24 24 24 24 24 24 24 24 24 24 24 24 24 24 24 24
nt[11]=24 24 24 24 24 24 24 24 24 24 24 24 24 24 24 24 24 24 24 24 24 24 24 24 24 24 24 24 24 24 24 24
nt[12]=24 24 24 24 24 24 24 24 24 24 24 24 24 24 24 24 24 24 24 24 24 24 24 24 24 24 24 24 24 24 24 24
nt[13]=24 24 24 24 24 24 24 24 24 24 24 24 24 24 24 24 24 24 24 24 24 24 24 24 24 24 24 24 24 24 24 24
nt[14]=24 24 24 24 24 24 24 24 24 24 24 24 24 24 24 24 24 24 24 24 24 24 24 24 24 24 24 24 24 24 24 24
nt[15]=24 24 24 24 24 24 24 24 24 24 24 24 24 24 24 24 24 24 24 24 24 24 24 24 24 24 24 24 24 24 24 24
nt[16]=24 24 24 24 24 24 24 24 24 24 24 24 24 24 24 24 24 24 24 24 24 24 24 0F 36 08 1A 28 36 30 3B 22
nt[17]=FF 00 00 00 00 00 00 00 00 00 00 00 00 00 00 00 00 00 00 00 00 00 00 00 00 00 00 00 00 00 24 24
nt[18]=24 24 24 24 24 24 24 24 24 24 24 24 24 24 24 24 24 24 24 24 24 24 24 24 24 24 24 24 24 24 24 24
nt[19]=24 24 24 24 24 24 24 24 24 24 24 24 24 24 24 24 24 24 24 24 24 24 24 24 24 24 24 24 24 24 24 24
nt[20]=24 24 24 24 24 24 24 24 24 24 24 24 24 24 24 24 24 24 24 24 24 24 24 24 24 24 24 24 24 24 24 24
nt[21]=24 24 24 24 24 24 24 24 24 24 24 24 24 24 24 24 24 24 24 24 24 24 24 24 24 24 24 24 24 24 24 24
nt[22]=00 00 00 00 00 00 00 00 00 00 00 00 00 00 00 00 00 00 00 00 00 00 00 00 00 00 00 00 00 00 00 00
nt[23]=00 00 00 00 00 00 00 00 00 00 00 00 00 00 00 00 00 00 00 00 00 00 00 00 00 00 00 00 00 00 00 00
nt[24]=24 24 24 24 24 24 24 24 24 24 24 24 24 24 24 24 24 24 24 24 24 24 17 27 0F 36 08 1A 28 36 30 3B
nt[25]=22 FF 00 00 00 00 00 00 00 00 00 00 00 00 00 00 00 00 00 00 00 00 00 00 00 00 00 00 00 00 00 00
nt[26]=00 00 00 00 00 00 00 00 00 00 00 00 24 24 24 24 24 24 24 24 24 24 24 24 24 24 24 24 24 24 24 24
nt[27]=24 24 24 24 24 24 24 24 24 24 24 24 24 24 24 24 24 24 24 24 24 24 24 24 24 24 24 24 24 24 24 24
nt[28]=24 24 24 24 24 24 24 24 24 24 24 24 24 24 24 24 24 24 24 24 24 24 24 24 24 24 24 24 24 24 24 24
attr[00]=24 24 24 24 24 24 24 24
attr[01]=24 24 24 24 24 24 24 24
attr[02]=24 24 24 24 24 24 24 24
attr[03]=24 24 24 24 24 24 24 24
attr[04]=24 24 24 24 24 24 24 24
attr[05]=24 24 24 24 24 24 24 24
attr[06]=24 24 24 24 24 24 24 24
attr[07]=24 24 24 24 24 24 24 24
plane[04]=0124 0124 2124 2124 0124 0124 2124 2124 0124 0124 2124 2124 0124 0124 2124 2124 0124 0124 2124 2124 0124 0124 2124 2124 0124 0124 2124 2124 0124 0124 2124 2124
plane[05]=0124 0124 2124 2124 0124 0124 2124 2124 0124 0124 2124 2124 0124 0124 2124 2124 0124 0124 2124 2124 0124 0124 2124 2124 0124 0124 2124 2124 0124 0124 2124 2124
plane[06]=4124 4124 0124 0124 4124 4124 0124 0124 4124 4124 0124 0124 4124 4124 0124 0124 4124 4124 0124 0124 4124 4124 0124 0124 4124 4124 0124 0124 4124 4124 0124 0124
plane[07]=4124 4124 0124 0124 4124 4124 0124 0124 4124 4124 0124 0124 4124 4124 0124 0124 4124 4124 0124 0124 4124 4124 0124 0124 4124 4124 0124 0124 4124 4124 0124 0124
plane[08]=0124 0124 2124 2124 0124 0124 2124 2124 0124 0124 2124 2124 0124 0124 2124 2124 0124 0124 2124 2124 0124 0124 2124 2124 0124 0124 2124 2124 0124 0124 2124 2124
plane[09]=0124 0124 2124 2124 0124 0124 2124 2124 0124 0124 2124 2124 0124 0124 2124 2124 0124 0124 2124 2124 0124 0124 2124 2124 0124 0124 2124 2124 0124 0124 2124 2124
plane[10]=4124 4124 0124 0124 4124 4124 0124 0124 4124 4124 0124 0124 4124 4124 0124 0124 4124 4124 0124 0124 4124 4124 0124 0124 4124 4124 0124 0124 4124 4124 0124 0124
plane[11]=4124 4124 0124 0124 4124 4124 0124 0124 4124 4124 0124 0124 4124 4124 0124 0124 4124 4124 0124 0124 4124 4124 0124 0124 4124 4124 0124 0124 4124 4124 0124 0124
plane[12]=0124 0124 2124 2124 0124 0124 2124 2124 0124 0124 2124 2124 0124 0124 2124 2124 0124 0124 2124 2124 0124 0124 2124 2124 0124 0124 2124 2124 0124 0124 2124 2124
plane[13]=0124 0124 2124 2124 0124 0124 2124 2124 0124 0124 2124 2124 0124 0124 2124 2124 0124 0124 2124 2124 0124 0124 2124 2124 0124 0124 2124 2124 0124 0124 2124 2124
plane[14]=4124 4124 0124 0124 4124 4124 0124 0124 4124 4124 0124 0124 4124 4124 0124 0124 4124 4124 0124 0124 4124 4124 0124 0124 4124 4124 0124 0124 4124 4124 0124 0124
plane[15]=4124 4124 0124 0124 4124 4124 0124 0124 4124 4124 0124 0124 4124 4124 0124 0124 4124 4124 0124 0124 4124 4124 0124 0124 4124 4124 0124 0124 4124 4124 0124 0124
plane[16]=0124 0124 2124 2124 0124 0124 2124 2124 0124 0124 2124 2124 0124 0124 2124 2124 0124 0124 2124 2124 0124 0124 2124 210F 0136 0108 211A 2128 0136 0130 213B 2122
plane[17]=01FF 0100 2100 2100 0100 0100 2100 2100 0100 0100 2100 2100 0100 0100 2100 2100 0100 0100 2100 2100 0100 0100 2100 2100 0100 0100 2100 2100 0100 0100 2124 2124
plane[18]=4124 4124 0124 0124 4124 4124 0124 0124 4124 4124 0124 0124 4124 4124 0124 0124 4124 4124 0124 0124 4124 4124 0124 0124 4124 4124 0124 0124 4124 4124 0124 0124
plane[19]=4124 4124 0124 0124 4124 4124 0124 0124 4124 4124 0124 0124 4124 4124 0124 0124 4124 4124 0124 0124 4124 4124 0124 0124 4124 4124 0124 0124 4124 4124 0124 0124
plane[20]=0124 0124 2124 2124 0124 0124 2124 2124 0124 0124 2124 2124 0124 0124 2124 2124 0124 0124 2124 2124 0124 0124 2124 2124 0124 0124 2124 2124 0124 0124 2124 2124
plane[21]=0124 0124 2124 2124 0124 0124 2124 2124 0124 0124 2124 2124 0124 0124 2124 2124 0124 0124 2124 2124 0124 0124 2124 2124 0124 0124 2124 2124 0124 0124 2124 2124
plane[22]=4100 4100 0100 0100 4100 4100 0100 0100 4100 4100 0100 0100 4100 4100 0100 0100 4100 4100 0100 0100 4100 4100 0100 0100 4100 4100 0100 0100 4100 4100 0100 0100
plane[23]=4100 4100 0100 0100 4100 4100 0100 0100 4100 4100 0100 0100 4100 4100 0100 0100 4100 4100 0100 0100 4100 4100 0100 0100 4100 4100 0100 0100 4100 4100 0100 0100
plane[24]=0124 0124 2124 2124 0124 0124 2124 2124 0124 0124 2124 2124 0124 0124 2124 2124 0124 0124 2124 2124 0124 0124 2117 2127 010F 0136 2108 211A 0128 0136 2130 213B
plane[25]=0122 01FF 2100 2100 0100 0100 2100 2100 0100 0100 2100 2100 0100 0100 2100 2100 0100 0100 2100 2100 0100 0100 2100 2100 0100 0100 2100 2100 0100 0100 2100 2100
plane[26]=4100 4100 0100 0100 4100 4100 0100 0100 4100 4100 0100 0100 4124 4124 0124 0124 4124 4124 0124 0124 4124 4124 0124 0124 4124 4124 0124 0124 4124 4124 0124 0124
plane[27]=4124 4124 0124 0124 4124 4124 0124 0124 4124 4124 0124 0124 4124 4124 0124 0124 4124 4124 0124 0124 4124 4124 0124 0124 4124 4124 0124 0124 4124 4124 0124 0124
plane[28]=0124 0124 2124 2124 0124 0124 2124 2124 0124 0124 2124 2124 0124 0124 2124 2124 0124 0124 2124 2124 0124 0124 2124 2124 0124 0124 2124 2124 0124 0124 2124 2124
spr_raw[00-3F]=F8 00 00 00 F8 00 00 00 F8 00 00 00 F8 00 00 00 F8 00 00 00 F8 00 00 00 F8 00 00 00 F8 00 00 00 F8 00 00 00 F8 00 00 00 F8 00 00 00 F8 00 00 00 F8 00 00 00 F8 00 00 00 F8 00 00 00 F8 00 00 00
spr[0]=Y:F8 T:00 A:00 X:00
spr[1]=Y:F8 T:00 A:00 X:00
spr[2]=Y:F8 T:00 A:00 X:00
spr[3]=Y:F8 T:00 A:00 X:00
spr[4]=Y:F8 T:00 A:00 X:00
spr[5]=Y:F8 T:00 A:00 X:00
spr[6]=Y:F8 T:00 A:00 X:00
spr[7]=Y:F8 T:00 A:00 X:00
spr[8]=Y:F8 T:00 A:00 X:00
spr[9]=Y:F8 T:00 A:00 X:00
spr[10]=Y:F8 T:00 A:00 X:00
spr[11]=Y:F8 T:00 A:00 X:00
spr[12]=Y:F8 T:00 A:00 X:00
spr[13]=Y:F8 T:00 A:00 X:00
spr[14]=Y:F8 T:00 A:00 X:00
spr[15]=Y:F8 T:00 A:00 X:00
plane_tiles_top=
tile[01]=124 count=643 sample=0124
tile[02]=100 count=135 sample=0100
tile[03]=136 count=4 sample=0136
tile[04]=108 count=2 sample=0108
tile[05]=10F count=2 sample=210F
tile[06]=11A count=2 sample=211A
tile[07]=122 count=2 sample=2122
tile[08]=128 count=2 sample=2128
tile[09]=130 count=2 sample=0130
tile[10]=13B count=2 sample=213B
tile[11]=1FF count=2 sample=01FF
tile[12]=117 count=1 sample=2117
tile[13]=127 count=1 sample=2127
chr[124]=00 00 00 00 00 00 00 00 00 00 00 00 00 00 00 00
vram_tile[124]=0000 0000 0000 0000 0000 0000 0000 0000 0000 0000 0000 0000 0000 0000 0000 0000
chr[100]=38 4C C6 C6 C6 64 38 00 00 00 00 00 00 00 00 00
vram_tile[100]=0011 1000 0100 1100 1100 0110 1100 0110 1100 0110 0110 0100 0011 1000 0000 0000
chr[136]=00 00 00 00 00 00 00 00 00 00 00 00 00 00 00 00
vram_tile[136]=0000 0000 0000 0000 0000 0000 0000 0000 0000 0000 0000 0000 0000 0000 0000 0000
chr[108]=78 C4 E4 78 86 86 7C 00 00 00 00 00 00 00 00 00
vram_tile[108]=0111 1000 1100 0100 1110 0100 0111 1000 1000 0110 1000 0110 0111 1100 0000 0000
chr[10F]=FE C0 C0 FC C0 C0 C0 00 00 00 00 00 00 00 00 00
vram_tile[10F]=1111 1110 1100 0000 1100 0000 1111 1100 1100 0000 1100 0000 1100 0000 0000 0000
chr[11A]=7C C6 C6 C6 DE CC 7A 00 00 00 00 00 00 00 00 00
vram_tile[11A]=0111 1100 1100 0110 1100 0110 1100 0110 1101 1110 1100 1100 0111 1010 0000 0000
chr[122]=66 66 66 3C 18 18 18 00 00 00 00 00 00 00 00 00
vram_tile[122]=0110 0110 0110 0110 0110 0110 0011 1100 0001 1000 0001 1000 0001 1000 0000 0000
chr[128]=00 00 00 00 30 10 20 00 00 00 00 00 00 00 00 00
vram_tile[128]=0000 0000 0000 0000 0000 0000 0000 0000 0011 0000 0001 0000 0010 0000 0000 0000
chr[130]=00 00 00 00 00 00 00 00 00 00 00 00 00 00 00 00
vram_tile[130]=0000 0000 0000 0000 0000 0000 0000 0000 0000 0000 0000 0000 0000 0000 0000 0000
chr[13B]=00 00 00 00 00 00 00 00 00 00 00 00 00 00 00 00
vram_tile[13B]=0000 0000 0000 0000 0000 0000 0000 0000 0000 0000 0000 0000 0000 0000 0000 0000
chr[1FF]=FE FE FE 00 FE FE FE 00 FE FE FE 00 FE FE FE 00
vram_tile[1FF]=3333 3330 3333 3330 3333 3330 0000 0000 3333 3330 3333 3330 3333 3330 0000 0000
chr[117]=C6 E6 F6 FE DE CE C6 00 00 00 00 00 00 00 00 00
vram_tile[117]=1100 0110 1110 0110 1111 0110 1111 1110 1101 1110 1100 1110 1100 0110 0000 0000
chr[127]=FF FF FF FF FF FF FF FF FF FF FF FF FF FF FF FF
vram_tile[127]=3333 3333 3333 3333 3333 3333 3333 3333 3333 3333 3333 3333 3333 3333 3333 3333
sprite_tiles_top=
spr_tile[01]=000 count=16 sample_y=F8 sample_attr=00 sample_x=00
chr[000]=00 00 00 00 00 00 00 00 00 00 00 00 00 00 00 00
vram_tile[000]=0000 0000 0000 0000 0000 0000 0000 0000 0000 0000 0000 0000 0000 0000 0000 0000
screenshot=C:\Users\Jake Diggity\Documents\GitHub\NES-TO-SEGA-GENESIS\diag\reports\screens\zelda_v573_file_select_state_f1400.png

=== SUMMARY ===
summary frame=1400 ready=0 script=0 sub=0 ppu=0x00 slot=0 active=[00,00,00,00,00] trace=[0403,24E1]
stable_count=0
