=== FILE SELECT STATE PROBE zelda_v582 ===
state frame=1 ready=0 script=0 sub=0 ppu=0x00 slot=0 active=[00,00,00,00,00] trace=[0000,0000]
heartbeat frame=120 ready=0 script=0 sub=0 ppu=0x00 slot=0 active=[00,00,00,00,00] trace=[0403,02BA]
heartbeat frame=240 ready=0 script=0 sub=0 ppu=0x00 slot=0 active=[00,00,00,00,00] trace=[0403,05D6]
heartbeat frame=360 ready=0 script=0 sub=0 ppu=0x00 slot=0 active=[00,00,00,00,00] trace=[0403,08F4]
heartbeat frame=480 ready=0 script=0 sub=0 ppu=0x00 slot=0 active=[00,00,00,00,00] trace=[0403,0C10]
heartbeat frame=600 ready=0 script=0 sub=0 ppu=0x00 slot=0 active=[00,00,00,00,00] trace=[0403,0F2E]
heartbeat frame=720 ready=0 script=0 sub=0 ppu=0x00 slot=0 active=[00,00,00,00,00] trace=[0403,124A]
heartbeat frame=840 ready=0 script=0 sub=0 ppu=0x00 slot=0 active=[00,00,00,00,00] trace=[0403,1568]
heartbeat frame=960 ready=0 script=0 sub=0 ppu=0x00 slot=0 active=[00,00,00,00,00] trace=[0403,1884]
heartbeat frame=1080 ready=0 script=0 sub=0 ppu=0x00 slot=0 active=[00,00,00,00,00] trace=[0403,1BA2]
heartbeat frame=1200 ready=0 script=0 sub=0 ppu=0x00 slot=0 active=[00,00,00,00,00] trace=[0403,1EBE]
heartbeat frame=1320 ready=0 script=0 sub=0 ppu=0x00 slot=0 active=[00,00,00,00,00] trace=[0403,21DC]

=== SETTLED ===
final frame=1400 ready=0 script=0 sub=0 ppu=0x00 slot=0 active=[00,00,00,00,00] trace=[0403,23F0]
ppu_shadow ctrl=80 mask=1E spr_idx=00/00
pal[00-1F]=00 00 00 00 00 00 00 00 00 00 00 00 00 00 00 00 00 00 00 00 00 00 00 00 00 00 00 00 00 00 00 00
cram[00-3F]=0666 0820 0A02 0A04 0606 0406 0006 0024 0022 0040 0040 0040 0440 0000 0000 0666 0AAA 0C62 0E44 0E26 0C28 062A 022A 0048 0066 0084 0080 0280 0860 0000 0000 0000 0EEE 0EA6 0E88 0E6A 0E6E 0C6E 068E 028C 00AA 00C8 02C6 08C4 0CC4 0444 0000 0000 0EEE 0ECA 0ECC 0EAC 0EAE 0CAE 0ACE 0ACE 08CC 08EC 0AEA 0CEA 0ECA 0000 0000 0000
nt[04]=00 00 00 00 00 00 00 00 00 00 00 00 00 00 00 00 00 00 00 00 00 00 00 00 00 00 00 00 00 00 00 00
nt[05]=00 00 00 00 00 00 00 00 00 00 00 00 00 00 00 00 00 00 00 00 00 00 00 00 00 00 00 00 00 00 00 00
nt[06]=00 00 00 00 00 00 00 00 00 00 00 00 00 00 00 00 00 00 00 00 00 00 00 00 00 00 00 00 00 00 00 00
nt[07]=00 00 00 00 00 00 00 00 00 00 00 00 00 00 00 00 00 00 00 00 00 00 00 00 00 00 00 00 00 00 00 00
nt[08]=00 00 00 00 00 00 00 00 00 00 00 00 00 00 00 00 00 00 00 00 00 00 00 00 00 00 00 00 00 00 00 00
nt[09]=00 00 00 00 00 00 00 00 00 00 00 00 00 00 00 00 00 00 00 00 00 00 00 00 00 00 00 00 00 00 00 00
nt[10]=00 00 00 00 00 00 00 00 00 00 00 00 00 00 00 00 00 00 00 00 00 00 00 00 00 00 00 00 00 00 00 00
nt[11]=00 00 00 00 00 00 00 00 00 00 00 00 00 00 00 00 00 00 00 00 00 00 00 00 00 00 00 00 00 00 00 00
nt[12]=00 00 00 00 00 00 00 00 00 00 00 00 00 00 00 00 00 00 00 00 00 00 00 00 00 00 00 00 00 00 00 00
nt[13]=00 00 00 00 00 00 00 00 00 00 00 00 00 00 00 00 00 00 00 00 00 00 00 00 00 00 00 00 00 00 00 00
nt[14]=00 00 00 00 00 00 00 00 00 00 00 00 00 00 00 00 00 00 00 00 00 00 00 00 00 00 00 00 00 00 00 00
nt[15]=00 00 00 00 00 00 00 00 00 00 00 00 00 00 00 00 00 00 00 00 00 00 00 00 00 00 00 00 00 00 00 00
nt[16]=00 00 00 00 00 00 00 00 00 00 00 00 00 00 00 00 00 00 00 00 00 00 00 00 00 00 00 00 00 00 00 00
nt[17]=00 00 00 00 00 00 00 00 00 00 00 00 00 00 00 00 00 00 00 00 00 00 00 00 00 00 00 00 00 00 00 00
nt[18]=00 00 00 00 00 00 00 00 00 00 00 00 00 00 00 00 00 00 00 00 00 00 00 00 00 00 00 00 00 00 00 00
nt[19]=00 00 00 00 00 00 00 00 00 00 00 00 00 00 00 00 00 00 00 00 00 00 00 00 00 00 00 00 00 00 00 00
nt[20]=00 00 00 00 00 00 00 00 00 00 00 00 00 00 00 00 00 00 00 00 00 00 00 00 00 00 00 00 00 00 00 00
nt[21]=00 00 00 00 00 00 00 00 00 00 00 00 00 00 00 00 00 00 00 00 00 00 00 00 00 00 00 00 00 00 00 00
nt[22]=00 00 00 00 00 00 00 00 00 00 00 00 00 00 00 00 00 00 00 00 00 00 00 00 00 00 00 00 00 00 00 00
nt[23]=00 00 00 00 00 00 00 00 00 00 00 00 00 00 00 00 00 00 00 00 00 00 00 00 00 00 00 00 00 00 00 00
nt[24]=00 00 00 00 00 00 00 00 00 00 00 00 00 00 00 00 00 00 00 00 00 00 00 00 00 00 00 00 00 00 00 00
nt[25]=00 00 00 00 00 00 00 00 00 00 00 00 00 00 00 00 00 00 00 00 00 00 00 00 00 00 00 00 00 00 00 00
nt[26]=00 00 00 00 00 00 00 00 00 00 00 00 00 00 00 00 00 00 00 00 00 00 00 00 00 00 00 00 00 00 00 00
nt[27]=00 00 00 00 00 00 00 00 00 00 00 00 00 00 00 00 00 00 00 00 00 00 00 00 00 00 00 00 00 00 00 00
nt[28]=00 00 00 00 00 00 00 00 00 00 00 00 00 00 00 00 00 00 00 00 00 00 00 00 00 00 00 00 00 00 00 00
attr[00]=00 00 00 00 00 00 00 00
attr[01]=00 00 00 00 00 00 00 00
attr[02]=00 00 00 00 00 00 00 00
attr[03]=00 00 00 00 00 00 00 00
attr[04]=00 00 00 00 00 00 00 00
attr[05]=00 00 00 00 00 00 00 00
attr[06]=00 00 00 00 00 00 00 00
attr[07]=00 00 00 00 00 00 00 00
plane[04]=0400 0400 0400 0400 0400 0400 0400 0400 0400 0400 0400 0400 0400 0400 0400 0400 0400 0400 0400 0400 0400 0400 0400 0400 0400 0400 0400 0400 0400 0400 0400 0400
plane[05]=0400 0400 0400 0400 0400 0400 0400 0400 0400 0400 0400 0400 0400 0400 0400 0400 0400 0400 0400 0400 0400 0400 0400 0400 0400 0400 0400 0400 0400 0400 0400 0400
plane[06]=0400 0400 0400 0400 0400 0400 0400 0400 0400 0400 0400 0400 0400 0400 0400 0400 0400 0400 0400 0400 0400 0400 0400 0400 0400 0400 0400 0400 0400 0400 0400 0400
plane[07]=0400 0400 0400 0400 0400 0400 0400 0400 0400 0400 0400 0400 0400 0400 0400 0400 0400 0400 0400 0400 0400 0400 0400 0400 0400 0400 0400 0400 0400 0400 0400 0400
plane[08]=0400 0400 0400 0400 0400 0400 0400 0400 0400 0400 0400 0400 0400 0400 0400 0400 0400 0400 0400 0400 0400 0400 0400 0400 0400 0400 0400 0400 0400 0400 0400 0400
plane[09]=0400 0400 0400 0400 0400 0400 0400 0400 0400 0400 0400 0400 0400 0400 0400 0400 0400 0400 0400 0400 0400 0400 0400 0400 0400 0400 0400 0400 0400 0400 0400 0400
plane[10]=0400 0400 0400 0400 0400 0400 0400 0400 0400 0400 0400 0400 0400 0400 0400 0400 0400 0400 0400 0400 0400 0400 0400 0400 0400 0400 0400 0400 0400 0400 0400 0400
plane[11]=0400 0400 0400 0400 0400 0400 0400 0400 0400 0400 0400 0400 0400 0400 0400 0400 0400 0400 0400 0400 0400 0400 0400 0400 0400 0400 0400 0400 0400 0400 0400 0400
plane[12]=0400 0400 0400 0400 0400 0400 0400 0400 0400 0400 0400 0400 0400 0400 0400 0400 0400 0400 0400 0400 0400 0400 0400 0400 0400 0400 0400 0400 0400 0400 0400 0400
plane[13]=0400 0400 0400 0400 0400 0400 0400 0400 0400 0400 0400 0400 0400 0400 0400 0400 0400 0400 0400 0400 0400 0400 0400 0400 0400 0400 0400 0400 0400 0400 0400 0400
plane[14]=0400 0400 0400 0400 0400 0400 0400 0400 0400 0400 0400 0400 0400 0400 0400 0400 0400 0400 0400 0400 0400 0400 0400 0400 0400 0400 0400 0400 0400 0400 0400 0400
plane[15]=0400 0400 0400 0400 0400 0400 0400 0400 0400 0400 0400 0400 0400 0400 0400 0400 0400 0400 0400 0400 0400 0400 0400 0400 0400 0400 0400 0400 0400 0400 0400 0400
plane[16]=0400 0400 0400 0400 0400 0400 0400 0400 0400 0400 0400 0400 0400 0400 0400 0400 0400 0400 0400 0400 0400 0400 0400 0400 0400 0400 0400 0400 0400 0400 0400 0400
plane[17]=0400 0400 0400 0400 0400 0400 0400 0400 0400 0400 0400 0400 0400 0400 0400 0400 0400 0400 0400 0400 0400 0400 0400 0400 0400 0400 0400 0400 0400 0400 0400 0400
plane[18]=0400 0400 0400 0400 0400 0400 0400 0400 0400 0400 0400 0400 0400 0400 0400 0400 0400 0400 0400 0400 0400 0400 0400 0400 0400 0400 0400 0400 0400 0400 0400 0400
plane[19]=0400 0400 0400 0400 0400 0400 0400 0400 0400 0400 0400 0400 0400 0400 0400 0400 0400 0400 0400 0400 0400 0400 0400 0400 0400 0400 0400 0400 0400 0400 0400 0400
plane[20]=0400 0400 0400 0400 0400 0400 0400 0400 0400 0400 0400 0400 0400 0400 0400 0400 0400 0400 0400 0400 0400 0400 0400 0400 0400 0400 0400 0400 0400 0400 0400 0400
plane[21]=0400 0400 0400 0400 0400 0400 0400 0400 0400 0400 0400 0400 0400 0400 0400 0400 0400 0400 0400 0400 0400 0400 0400 0400 0400 0400 0400 0400 0400 0400 0400 0400
plane[22]=0400 0400 0400 0400 0400 0400 0400 0400 0400 0400 0400 0400 0400 0400 0400 0400 0400 0400 0400 0400 0400 0400 0400 0400 0400 0400 0400 0400 0400 0400 0400 0400
plane[23]=0400 0400 0400 0400 0400 0400 0400 0400 0400 0400 0400 0400 0400 0400 0400 0400 0400 0400 0400 0400 0400 0400 0400 0400 0400 0400 0400 0400 0400 0400 0400 0400
plane[24]=0400 0400 0400 0400 0400 0400 0400 0400 0400 0400 0400 0400 0400 0400 0400 0400 0400 0400 0400 0400 0400 0400 0400 0400 0400 0400 0400 0400 0400 0400 0400 0400
plane[25]=0400 0400 0400 0400 0400 0400 0400 0400 0400 0400 0400 0400 0400 0400 0400 0400 0400 0400 0400 0400 0400 0400 0400 0400 0400 0400 0400 0400 0400 0400 0400 0400
plane[26]=0400 0400 0400 0400 0400 0400 0400 0400 0400 0400 0400 0400 0400 0400 0400 0400 0400 0400 0400 0400 0400 0400 0400 0400 0400 0400 0400 0400 0400 0400 0400 0400
plane[27]=0400 0400 0400 0400 0400 0400 0400 0400 0400 0400 0400 0400 0400 0400 0400 0400 0400 0400 0400 0400 0400 0400 0400 0400 0400 0400 0400 0400 0400 0400 0400 0400
plane[28]=0400 0400 0400 0400 0400 0400 0400 0400 0400 0400 0400 0400 0400 0400 0400 0400 0400 0400 0400 0400 0400 0400 0400 0400 0400 0400 0400 0400 0400 0400 0400 0400
spr_raw[00-3F]=00 00 00 00 00 00 00 00 00 00 00 00 00 00 00 00 00 00 00 00 00 00 00 00 00 00 00 00 00 00 00 00 00 00 00 00 00 00 00 00 00 00 00 00 00 00 00 00 00 00 00 00 00 00 00 00 00 00 00 00 00 00 00 00
spr[0]=Y:00 T:00 A:00 X:00
spr[1]=Y:00 T:00 A:00 X:00
spr[2]=Y:00 T:00 A:00 X:00
spr[3]=Y:00 T:00 A:00 X:00
spr[4]=Y:00 T:00 A:00 X:00
spr[5]=Y:00 T:00 A:00 X:00
spr[6]=Y:00 T:00 A:00 X:00
spr[7]=Y:00 T:00 A:00 X:00
spr[8]=Y:00 T:00 A:00 X:00
spr[9]=Y:00 T:00 A:00 X:00
spr[10]=Y:00 T:00 A:00 X:00
spr[11]=Y:00 T:00 A:00 X:00
spr[12]=Y:00 T:00 A:00 X:00
spr[13]=Y:00 T:00 A:00 X:00
spr[14]=Y:00 T:00 A:00 X:00
spr[15]=Y:00 T:00 A:00 X:00
plane_tiles_top=
tile[01]=400 count=800 sample=0400
chr[400]=00 00 00 00 00 00 00 00 00 00 00 00 00 00 00 00
vram_tile[400]=FFFF FFFF FFFF FFFF FFFF FFFF FFFF FFFF FFFF FFFF FFFF FFFF FFFF FFFF FFFF FFFF
sprite_tiles_top=
screenshot=C:\Users\Jake Diggity\Documents\GitHub\NES-TO-SEGA-GENESIS\diag\reports\screens\zelda_v582_file_select_state_f1400.png

=== SUMMARY ===
summary frame=1400 ready=0 script=0 sub=0 ppu=0x00 slot=0 active=[00,00,00,00,00] trace=[0403,23F0]
stable_count=0
