ROM: zelda_v387
Frame: 1348
Script: 5
Subscript: 0
Map: $00
NextMap: $00
PPUCTRL: $B4
PPUMASK: $1E

NT row 00: 00 00 00 24 00 00 00 00 00 00 00 00 00 00 00 00 00 00 00 00 00 00 00 00 00 00 00 00 00 00 00 00
NT row 01: 00 00 00 24 00 00 00 00 00 00 00 00 00 00 00 00 00 00 00 00 00 00 00 00 00 00 00 00 00 00 00 00
NT row 02: 00 00 00 24 00 00 00 00 00 00 00 00 00 00 00 00 00 00 00 00 00 00 00 00 00 00 00 00 00 00 00 00
NT row 03: 00 00 00 24 00 00 00 00 00 00 00 F7 00 00 00 69 0B 6B 69 0A 6B 24 24 62 15 12 0F 0E 62 00 00 00
NT row 04: 00 00 00 24 00 00 00 00 00 00 00 24 00 00 00 6C 00 6C 6C 00 6C 00 00 00 00 00 00 00 00 00 00 00
NT row 05: 00 00 00 24 00 00 00 00 00 00 00 F9 00 00 00 6C 00 6C 6C 00 6C 00 00 00 00 00 00 00 00 00 00 00
NT row 06: 00 00 00 24 00 00 00 00 00 00 00 61 00 00 00 6E 6A 6D 6E 6A 6D 00 00 00 00 00 00 00 00 00 00 00
NT row 07: 00 00 00 24 00 00 00 00 00 00 00 00 00 00 00 00 00 00 00 00 00 00 00 00 00 00 00 00 00 00 00 00
NT row 08: 00 00 00 24 00 00 00 00 00 00 00 00 00 00 00 00 00 00 00 00 00 00 00 FF 24 26 00 00 00 00 00 00
NT row 09: 00 00 00 24 00 00 00 00 00 00 00 00 00 00 00 00 21 21 21 21 21 21 21 21 21 21 21 21 21 21 21 21
NT row 10: 00 00 00 24 00 00 00 00 00 00 00 00 00 00 00 00 0F 0E 0D 0C 0B 0A 09 08 07 06 05 04 03 02 01 00
NT row 11: 00 00 00 24 00 00 00 00 00 00 00 00 00 00 00 00 96 96 96 96 96 96 96 96 96 96 96 96 96 96 96 96
NT row 12: 00 00 00 24 00 00 00 00 00 00 00 00 00 00 00 00 00 00 26 24 A5 00 00 00 00 00 00 00 00 00 00 D1
NT row 13: 00 00 00 24 00 00 00 00 00 00 00 00 00 00 00 00 00 00 00 00 00 00 00 00 00 00 00 00 00 00 00 00
NT row 14: 00 00 00 24 00 00 00 00 00 00 00 00 00 00 00 00 00 00 00 00 00 00 00 00 00 00 00 00 00 00 00 00
NT row 15: 00 00 00 24 00 00 00 00 00 00 00 00 00 00 00 00 00 00 00 00 00 00 00 00 00 00 00 00 00 00 00 00
NT row 16: 00 00 00 24 00 00 00 00 00 00 00 00 00 00 00 00 00 00 00 00 00 00 00 00 00 00 00 00 00 00 00 00
NT row 17: 00 00 00 24 00 00 00 00 00 00 00 00 00 00 00 00 00 00 00 00 00 00 00 00 00 00 00 00 00 00 00 00
NT row 18: 00 00 00 24 00 00 00 00 00 00 00 00 00 00 00 00 00 00 00 00 00 00 00 00 00 00 00 00 00 00 00 00
NT row 19: 00 00 00 24 00 00 00 00 00 00 00 00 00 00 00 00 00 00 00 00 00 00 00 00 00 00 00 00 00 00 00 00
NT row 20: 00 00 00 24 00 00 00 00 00 00 00 00 00 00 00 00 00 00 00 00 00 00 00 00 00 00 00 00 00 00 00 00
NT row 21: 00 00 00 24 00 00 00 00 00 00 00 00 00 00 00 00 00 00 00 00 00 00 00 00 00 00 00 00 00 00 00 00
NT row 22: 00 00 00 24 00 00 00 00 00 00 00 00 00 00 00 00 00 00 00 00 00 00 00 00 00 00 00 00 00 00 00 00
NT row 23: 00 00 00 24 00 00 00 00 00 00 00 00 00 00 00 00 00 00 00 00 00 00 00 00 00 00 00 00 00 00 00 00
NT row 24: 00 00 00 24 00 00 00 00 00 00 00 00 00 00 00 00 00 00 00 00 00 00 00 00 00 00 00 00 00 00 00 00
NT row 25: 00 00 00 24 00 00 00 00 00 00 00 00 00 00 00 00 00 00 00 00 00 00 00 00 00 00 00 00 00 00 00 00
NT row 26: 00 00 00 24 00 00 00 00 00 00 00 00 00 00 00 00 00 00 00 00 00 00 00 00 00 00 00 00 00 00 00 00
NT row 27: 00 00 00 24 00 00 00 00 00 00 00 00 00 00 00 00 00 00 00 00 00 00 00 00 00 00 00 00 00 00 00 00
NT row 28: 00 00 00 24 00 00 00 00 00 00 00 00 00 00 00 00 00 00 00 00 00 00 00 00 00 00 00 00 00 00 00 00
NT row 29: 00 00 00 24 00 00 00 00 00 00 00 00 00 00 00 00 00 00 00 00 00 00 00 00 00 00 00 00 00 00 00 00
