ROM: zelda_v393
Frame: 1348
Script: 5
Subscript: 0
Map: $77
NextMap: $00
PPUCTRL: $B4
PPUMASK: $1E

NT row 00: 00 00 00 00 00 00 00 00 00 00 00 00 00 00 00 00 00 00 00 00 00 00 00 00 00 00 00 00 00 00 00 00
NT row 01: 00 00 00 00 00 00 00 00 00 00 00 00 00 00 00 00 00 00 00 00 00 00 00 00 00 00 00 00 00 00 00 00
NT row 02: 00 00 15 00 1F 0E 15 62 00 00 00 00 00 00 00 00 00 00 00 00 00 00 00 00 00 00 00 00 00 00 00 00
NT row 03: 00 00 00 00 00 00 00 00 00 00 00 F7 00 00 00 69 0B 6B 69 0A 6B 24 24 62 15 12 0F 0E 62 00 00 00
NT row 04: 00 00 00 00 00 00 00 00 00 00 00 24 00 00 00 6C 00 6C 6C 00 6C 00 00 00 00 00 00 00 00 00 00 00
NT row 05: 00 00 00 00 00 00 00 00 00 00 00 F9 00 00 00 6C 00 6C 6C 00 6C 00 00 00 00 00 00 00 00 00 00 00
NT row 06: 00 00 00 00 00 00 00 00 00 00 00 61 00 00 00 6E 6A 6D 6E 6A 6D 00 00 00 00 00 00 00 00 00 00 00
NT row 07: 00 00 00 00 00 00 00 00 00 00 00 00 00 00 00 00 00 00 00 00 00 00 00 00 00 00 00 00 00 00 00 00
NT row 08: D1 00 00 00 00 00 00 00 00 00 00 A5 24 26 00 00 00 00 00 00 00 00 00 FF 24 26 00 00 00 00 00 00
NT row 09: FC FF 00 00 00 00 00 00 00 00 00 A5 25 27 00 00 00 00 00 00 00 00 00 FF 25 27 00 00 00 00 00 00
NT row 10: D1 00 00 00 00 00 00 00 00 00 00 00 24 26 00 00 00 00 00 00 00 00 00 FF F3 F5 00 00 00 00 00 00
NT row 11: FC FF 00 00 00 00 00 00 00 00 00 20 25 27 00 00 00 00 00 00 00 00 00 00 F4 F6 00 00 00 00 00 00
NT row 12: D1 00 00 00 00 00 00 00 00 00 00 00 24 26 00 00 00 00 00 00 00 00 00 00 16 00 00 00 00 00 00 00
NT row 13: FC FF 00 00 00 00 00 00 00 00 00 20 25 27 00 00 00 00 00 00 00 00 00 00 39 FF 00 00 00 00 00 00
NT row 14: D1 00 00 00 00 00 00 00 00 00 00 00 6B 13 00 00 00 00 00 00 00 00 00 D1 00 00 00 00 00 00 00 00
NT row 15: FC FF 00 00 00 00 00 00 00 00 00 20 AF C0 00 00 00 00 00 00 00 00 00 FC FF 00 00 00 00 00 00 00
NT row 16: 24 26 00 00 00 00 00 00 00 00 00 FF 24 26 00 00 00 00 00 00 00 00 00 D1 00 00 00 00 00 00 00 00
NT row 17: 25 27 00 00 00 00 00 00 00 00 00 FF 25 27 00 00 00 00 00 00 00 00 00 FC FF 00 00 00 00 00 00 00
NT row 18: 24 26 00 00 00 00 00 00 00 00 00 FF F3 F5 00 00 00 00 00 00 00 00 5A D1 00 00 00 00 00 00 00 00
NT row 19: 25 27 00 00 00 00 00 00 00 00 00 00 F4 F6 00 00 00 00 00 00 00 00 5A FC FF 00 00 00 00 00 00 00
NT row 20: 24 26 00 00 00 00 00 00 00 00 00 00 16 00 00 00 00 00 00 00 00 00 5A D1 00 00 00 00 00 00 00 00
NT row 21: 25 27 00 00 00 00 00 00 00 00 00 00 39 FF 00 00 00 00 00 00 00 00 A5 FC FF 00 00 00 00 00 00 00
NT row 22: 6B 13 00 00 00 00 00 00 00 00 00 D1 00 00 00 00 00 00 00 00 00 00 A5 24 26 00 00 00 00 00 00 00
NT row 23: AF C0 00 00 00 00 00 00 00 00 00 FC FF 00 00 00 00 00 00 00 00 00 A5 25 27 00 00 00 00 00 00 00
NT row 24: 24 26 00 00 00 00 00 00 00 00 00 D1 00 00 00 00 00 00 00 00 00 00 00 24 26 00 00 00 00 00 00 00
NT row 25: 25 27 00 00 00 00 00 00 00 00 00 FC FF 00 00 00 00 00 00 00 00 00 20 25 27 00 00 00 00 00 00 00
NT row 26: F3 F5 00 00 00 00 00 00 00 00 5A D1 00 00 00 00 00 00 00 00 00 00 00 24 26 00 00 00 00 00 00 00
NT row 27: F4 F6 00 00 00 00 00 00 00 00 5A FC FF 00 00 00 00 00 00 00 00 00 20 25 27 00 00 00 00 00 00 00
NT row 28: 16 00 00 00 00 00 00 00 00 00 5A D1 00 00 00 00 00 00 00 00 00 00 00 6B 13 00 00 00 00 00 00 00
NT row 29: 39 FF 00 00 00 00 00 00 00 00 A5 FC FF 00 00 00 00 00 00 00 00 00 20 AF C0 00 00 00 00 00 00 00
