ROM: zelda_v395
Frame: 1348
Script: 5
Subscript: 0
Map: $77
NextMap: $00
PPUCTRL: $B4
PPUMASK: $1E

NT row 00: 00 00 00 24 00 00 00 00 00 00 00 00 00 00 00 00 00 00 00 00 00 00 00 00 00 00 00 00 00 00 00 00
NT row 01: 00 00 00 24 00 00 00 00 00 00 00 00 00 00 00 00 00 00 00 00 00 00 00 00 00 00 00 00 00 00 00 00
NT row 02: 00 00 15 24 1F 0E 15 62 00 00 00 00 00 00 00 00 00 00 00 00 00 00 00 00 00 00 00 00 00 00 00 00
NT row 03: 00 00 00 24 00 00 00 00 00 00 00 F7 00 00 00 69 0B 6B 69 0A 6B 24 24 62 15 12 0F 0E 62 00 00 00
NT row 04: 00 00 00 24 00 00 00 00 00 00 00 24 00 00 00 6C 00 6C 6C 00 6C 00 00 00 00 00 00 00 00 00 00 00
NT row 05: 00 00 00 24 00 00 00 00 00 00 00 F9 00 00 00 6C 00 6C 6C 00 6C 00 00 00 00 00 00 00 00 00 00 00
NT row 06: 00 00 00 24 00 00 00 00 00 00 00 61 00 00 00 6E 6A 6D 6E 6A 6D 00 00 00 00 00 00 00 00 00 00 00
NT row 07: 00 00 00 24 00 00 00 00 00 00 00 00 00 00 00 00 00 00 00 00 00 00 00 00 00 00 00 00 00 00 00 00
NT row 08: 6F 71 00 24 00 00 00 00 00 00 00 A5 24 24 00 00 00 00 00 00 00 00 00 FF 24 24 00 00 00 00 00 00
NT row 09: 70 72 00 24 00 00 00 00 00 00 00 A5 24 24 00 00 00 00 00 00 00 00 00 FF 24 24 00 00 00 00 00 00
NT row 10: 6F 71 00 24 00 00 00 00 00 00 00 00 24 24 00 00 00 00 00 00 00 00 00 FF F3 F3 00 00 00 00 00 00
NT row 11: 70 72 00 24 00 00 00 00 00 00 00 20 24 24 00 00 00 00 00 00 00 00 00 00 F3 F3 00 00 00 00 00 00
NT row 12: 6F 71 00 24 00 00 00 00 00 00 00 00 24 24 00 00 00 00 00 00 00 00 00 00 A0 A2 00 00 00 00 00 00
NT row 13: 70 72 00 24 00 00 00 00 00 00 00 20 24 24 00 00 00 00 00 00 00 00 00 00 A1 A3 00 00 00 00 00 00
NT row 14: 6F 71 00 24 00 00 00 00 00 00 00 00 7E 80 00 00 00 00 00 00 00 00 00 6F 71 00 00 00 00 00 00 00
NT row 15: 70 72 00 24 00 00 00 00 00 00 00 20 7F 81 00 00 00 00 00 00 00 00 00 70 72 00 00 00 00 00 00 00
NT row 16: 24 24 00 24 00 00 00 00 00 00 00 FF 24 24 00 00 00 00 00 00 00 00 00 6F 71 00 00 00 00 00 00 00
NT row 17: 24 24 00 24 00 00 00 00 00 00 00 FF 24 24 00 00 00 00 00 00 00 00 00 70 72 00 00 00 00 00 00 00
NT row 18: 24 24 00 24 00 00 00 00 00 00 00 FF F3 F3 00 00 00 00 00 00 00 00 5A 6F 71 00 00 00 00 00 00 00
NT row 19: 24 24 00 24 00 00 00 00 00 00 00 00 F3 F3 00 00 00 00 00 00 00 00 5A 70 72 00 00 00 00 00 00 00
NT row 20: 24 24 00 24 00 00 00 00 00 00 00 00 A0 A2 00 00 00 00 00 00 00 00 5A 6F 71 00 00 00 00 00 00 00
NT row 21: 24 24 00 24 00 00 00 00 00 00 00 00 A1 A3 00 00 00 00 00 00 00 00 A5 70 72 00 00 00 00 00 00 00
NT row 22: 7E 80 00 24 00 00 00 00 00 00 00 6F 71 00 00 00 00 00 00 00 00 00 A5 24 24 00 00 00 00 00 00 00
NT row 23: 7F 81 00 24 00 00 00 00 00 00 00 70 72 00 00 00 00 00 00 00 00 00 A5 24 24 00 00 00 00 00 00 00
NT row 24: 24 24 00 24 00 00 00 00 00 00 00 6F 71 00 00 00 00 00 00 00 00 00 00 24 24 00 00 00 00 00 00 00
NT row 25: 24 24 00 24 00 00 00 00 00 00 00 70 72 00 00 00 00 00 00 00 00 00 20 24 24 00 00 00 00 00 00 00
NT row 26: F3 F3 00 24 00 00 00 00 00 00 5A 6F 71 00 00 00 00 00 00 00 00 00 00 24 24 00 00 00 00 00 00 00
NT row 27: F3 F3 00 24 00 00 00 00 00 00 5A 70 72 00 00 00 00 00 00 00 00 00 20 24 24 00 00 00 00 00 00 00
NT row 28: A0 A2 00 24 00 00 00 00 00 00 5A 6F 71 00 00 00 00 00 00 00 00 00 00 7E 80 00 00 00 00 00 00 00
NT row 29: A1 A3 00 24 00 00 00 00 00 00 A5 70 72 00 00 00 00 00 00 00 00 00 20 7F 81 00 00 00 00 00 00 00
