=== REGISTER STATE PROBE zelda_v440 ===
register_entered frame=650

=== SETTLED ===
frame=701 ready=1 script=14 sub=4 ppu=00 slot=0 trace=0203/07EC
ppu_shadow ctrl=B0 mask=1E plane_cache=00 full_redraw=00 link=(30,87) enemy=(00,00)
vars 041F=00 0420=01 0421=00 0422=20 0423=CE 0425=DD 0426=00
pal[00-1F]=0F 30 0C 11 0F 16 27 36 0F 0C 1C 2C 0F 11 1C 2C 00 29 27 07 00 22 27 07 00 26 27 07 00 15 27 30
cram[00-3F]=0000 0EEE 0042 0042 00A0 00A0 0004 0004 00A0 0004 00A0 0AAE 00A0 0004 00A0 00A0 00A0 0000 00A0 00A0 00A0 0EEE 0004 00A0 00A0 0004 00A0 00A0 00A0 00A0 00A0 00A0 0EEE 02EE 06EE 08CE 0AAE 0AAE 04AE 028C 00EC 00E4 04E4 0EE4 0E60 0000 0000 0000 0EEE 0EEE 0EEE 0EEE 0EEE 0EEE 0EEE 0EEE 0EEE 0EEE 0EEE 0EEE 0EEE 0000 0000 0000
nt[04]=24 24 24 24 24 24 24 24 24 24 24 24 24 24 24 24 24 24 24 24 24 24 24 24 24 24 24 24 24 24 24 24
nt[05]=24 24 24 24 24 24 24 24 24 24 24 24 24 24 24 24 24 24 24 24 24 24 24 24 24 24 24 24 24 24 24 24
nt[06]=24 24 24 24 24 24 24 24 24 24 24 24 24 24 24 24 24 24 24 24 24 24 24 24 24 24 24 24 24 24 24 24
nt[07]=24 24 24 24 24 24 24 24 24 24 24 24 24 24 24 24 24 24 24 24 24 24 24 24 24 24 24 24 24 24 24 24
nt[08]=24 24 24 24 24 24 24 24 24 24 24 24 24 24 24 24 24 24 24 24 24 24 24 24 24 24 24 24 24 24 24 24
nt[09]=24 24 24 24 24 24 24 24 24 24 24 24 24 24 24 24 24 24 24 24 24 24 24 24 24 24 24 24 24 24 24 24
nt[10]=24 24 24 24 24 24 24 24 24 24 24 24 24 24 24 24 24 24 24 24 24 24 24 24 24 24 24 24 24 24 24 24
nt[11]=24 24 24 24 24 24 24 24 24 24 24 24 24 24 24 24 24 24 24 24 24 24 24 24 24 24 24 24 24 24 24 24
nt[12]=24 24 24 24 24 24 24 24 24 24 24 24 24 24 24 24 24 24 24 24 24 24 24 24 24 24 24 24 24 24 24 24
nt[13]=24 24 24 24 24 24 24 24 24 24 24 24 24 24 24 24 24 24 24 24 24 24 24 24 24 24 24 24 24 24 24 24
nt[14]=24 24 24 24 24 24 24 24 24 24 24 24 24 24 24 24 24 24 24 24 24 24 24 24 24 24 24 24 24 24 24 24
nt[15]=24 24 24 24 24 24 24 24 24 24 1B 0E 10 12 1C 1D 0E 1B 24 24 24 24 0E 17 0D 24 24 24 24 24 24 24
attr[00]=24 24 24 24 24 24 24 24
attr[01]=24 24 24 24 24 24 24 24
attr[02]=24 24 24 24 24 24 24 24
attr[03]=24 24 24 24 24 24 24 24
attr[04]=24 24 24 24 24 24 24 24
attr[05]=24 24 24 24 24 24 24 24
attr[06]=24 24 24 24 24 24 24 24
attr[07]=24 24 24 24 24 24 24 24
plane[15]=4124 4124 0124 0124 4124 4124 0124 0124 4124 4124 011B 010E 4110 4112 011C 011D 410E 411B 0124 0124 4124 4124 010E 0117 410D 4124 0124 0124 4124 4124 0124 0124
spr_raw[00-1F]=2F 28 03 43 7F 25 23 30 7F 25 23 30 F8 00 00 00 30 08 00 50 30 0A 00 58 48 08 01 50 48 0A 01 58
spr[0]=Y:2F T:28 A:03 X:43
spr[1]=Y:7F T:25 A:23 X:30
spr[2]=Y:7F T:25 A:23 X:30
spr[3]=Y:F8 T:00 A:00 X:00
spr[4]=Y:30 T:08 A:00 X:50
spr[5]=Y:30 T:0A A:00 X:58
chr[008]=07 0F 0F 0F 0A 0A 20 39 00 00 27 2F 3D 3F 3F 37
chr[00A]=E0 F0 F0 F0 50 50 04 9C 00 00 E4 F4 BC FC FC E4
chr[025]=10 10 10 10 00 10 10 10 1C 14 1C 1C 08 1C 14 1C
chr[0F3]=00 00 00 00 00 00 00 00 FF FF EC 45 55 55 45 55
chr[10E]=FE C0 C0 FC C0 C0 FE 00 00 00 00 00 00 00 00 00
chr[110]=3E 60 C0 CE C6 66 3E 00 00 00 00 00 00 00 00 00
chr[11B]=FC C6 C6 FC D8 CC C6 00 00 00 00 00 00 00 00 00
chr[11C]=78 CC C0 7C 06 C6 7C 00 00 00 00 00 00 00 00 00
vram_tile[008]=0000 0111 0000 1111 0020 1333 0020 3333 0022 3212 0022 3232 0032 2222 0033 1223
vram_tile[00A]=1110 0000 1111 0000 3331 0200 3333 0200 2123 2200 2323 2200 2222 2300 3221 1300
vram_tile[025]=0003 2200 0003 0200 0003 2200 0003 2200 0000 2000 0003 2200 0003 0200 0003 2200
vram_tile[10E]=1111 1110 1100 0000 1100 0000 1111 1100 1100 0000 1100 0000 1111 1110 0000 0000
vram_tile[110]=0011 1110 0110 0000 1100 0000 1100 1110 1100 0110 0110 0110 0011 1110 0000 0000
vram_tile[11B]=1111 1100 1100 0110 1100 0110 1111 1100 1101 1000 1100 1100 1100 0110 0000 0000
vram_tile[11C]=0111 1000 1100 1100 1100 0000 0111 1100 0000 0110 1100 0110 0111 1100 0000 0000
screenshot=C:\Users\Jake Diggity\Documents\GitHub\NES-TO-SEGA-GENESIS\diag\reports\screens\zelda_v440_register_state_settled_f701.png

=== SUMMARY ===
final frame=701 ready=1 script=14 sub=4 ppu=00 slot=0
