=== REGISTER STATE PROBE zelda_v588 ===
title_ready_frame=196
action=hold_start_title frame=216
title_exit_detected frame=230
action=hold_start_file_select frame=300
register_entered frame=302

=== SETTLED ===
frame=398 ready=1 script=14 sub=4 ppu=00 slot=0 trace=0203/0547
ppu_shadow ctrl=B0 mask=1E plane_cache=00 full_redraw=00 link=(30,87) enemy=(00,00)
vars 041F=00 0420=01 0421=00 0422=20 0423=CE 0425=DD 0426=00
pal[00-1F]=0F 30 00 12 0F 16 27 36 0F 0C 1C 2C 0F 12 1C 2C 29 29 27 07 02 22 27 07 16 26 27 07 0B 15 27 30
cram[00-3F]=0000 0EEE 0666 0E44 0000 00C8 028C 0024 0000 0040 0040 0040 0000 0000 0000 0000 0000 022A 028C 0ACE 0000 0E88 028C 0024 0066 068E 028C 0024 0860 062A 028C 0EEE 0000 0440 0860 0CC4 0000 068E 028C 0024 00AA 00C8 02C6 08C4 0CC4 0444 0000 0000 0000 0E44 0860 0CC4 0000 062A 028C 0EEE 08CC 08EC 0AEA 0CEA 0ECA 0000 0000 0000
nt[04]=24 24 24 24 24 24 24 24 24 24 24 24 24 24 24 24 24 24 24 24 24 24 24 24 24 24 24 24 24 24 24 24
nt[05]=24 24 24 24 24 24 24 24 24 24 24 24 24 24 24 24 24 24 24 24 24 24 24 24 24 24 24 24 24 24 24 24
nt[06]=24 24 24 24 24 24 24 24 24 24 24 24 24 24 24 24 24 24 24 24 24 24 24 24 24 24 24 24 24 24 24 24
nt[07]=24 24 24 24 24 24 24 24 24 24 24 24 24 24 24 24 24 24 24 24 24 24 24 24 24 24 24 24 24 24 24 24
nt[08]=24 24 24 24 24 24 24 24 24 24 24 24 24 24 24 24 24 24 24 24 24 24 24 24 24 24 24 24 24 24 24 24
nt[09]=24 24 24 24 24 24 24 24 24 24 24 24 24 24 24 24 24 24 24 24 24 24 24 24 24 24 24 24 24 24 24 24
nt[10]=24 24 24 24 24 24 24 24 24 24 24 24 24 24 24 24 24 24 24 24 24 24 24 24 24 24 24 24 24 24 24 24
nt[11]=24 24 24 24 24 24 24 24 24 24 24 24 24 24 24 24 24 24 24 24 24 24 24 24 24 24 24 24 24 24 24 24
nt[12]=24 24 24 24 24 24 24 24 24 24 24 24 24 24 24 24 24 24 24 24 24 24 24 24 24 24 24 24 24 24 24 24
nt[13]=24 24 24 24 24 24 24 24 24 24 24 24 24 24 24 24 24 24 24 24 24 24 24 24 24 24 24 24 24 24 24 24
nt[14]=24 24 24 24 24 24 24 24 24 24 24 24 24 24 24 24 24 24 24 24 24 24 24 24 24 24 24 24 24 24 24 24
nt[15]=24 24 24 24 24 24 24 24 24 24 1B 0E 10 12 1C 1D 0E 1B 24 24 24 24 0E 17 0D 24 24 24 24 24 24 24
attr[00]=24 24 24 24 24 24 24 24
attr[01]=24 24 24 24 24 24 24 24
attr[02]=24 24 24 24 24 24 24 24
attr[03]=24 24 24 24 24 24 24 24
attr[04]=24 24 24 24 24 24 24 24
attr[05]=24 24 24 24 24 24 24 24
attr[06]=24 24 24 24 24 24 24 24
attr[07]=24 24 24 24 24 24 24 24
plane[15]=4124 4124 0124 0124 4124 4124 0124 0124 4124 4124 011B 010E 4110 4112 011C 011D 410E 411B 0124 0124 4124 4124 010E 0117 410D 4124 0124 0124 4124 4124 0124 0124
spr_raw[00-1F]=2F F3 03 43 7F 25 23 30 7F 25 23 30 F8 CC 82 30 30 08 00 50 30 0A 00 58 48 08 01 50 48 0A 01 58
spr[0]=Y:2F T:F3 A:03 X:43
spr[1]=Y:7F T:25 A:23 X:30
spr[2]=Y:7F T:25 A:23 X:30
spr[3]=Y:F8 T:CC A:82 X:30
spr[4]=Y:30 T:08 A:00 X:50
spr[5]=Y:30 T:0A A:00 X:58
chr[008]=00 00 00 00 00 00 00 00 00 00 00 00 00 00 00 00
chr[00A]=00 00 00 00 00 00 00 00 00 00 00 00 00 00 00 00
chr[025]=00 00 00 00 00 00 00 00 00 00 00 00 00 00 00 00
chr[0F3]=00 00 00 00 00 00 00 00 FF FF EC 45 55 55 45 55
chr[10E]=FE C0 C0 FC C0 C0 FE 00 00 00 00 00 00 00 00 00
chr[110]=3E 60 C0 CE C6 66 3E 00 00 00 00 00 00 00 00 00
chr[11B]=FC C6 C6 FC D8 CC C6 00 00 00 00 00 00 00 00 00
chr[11C]=78 CC C0 7C 06 C6 7C 00 00 00 00 00 00 00 00 00
vram_tile[008]=0000 0000 0000 0000 0000 0000 0000 0000 0000 0000 0000 0000 0000 0000 0000 0000
vram_tile[00A]=0000 0000 0000 0000 0000 0000 0000 0000 0000 0000 0000 0000 0000 0000 0000 0000
vram_tile[025]=0000 0000 0000 0000 0000 0000 0000 0000 0000 0000 0000 0000 0000 0000 0000 0000
vram_tile[10E]=1111 1110 1100 0000 1100 0000 1111 1100 1100 0000 1100 0000 1111 1110 0000 0000
vram_tile[110]=0011 1110 0110 0000 1100 0000 1100 1110 1100 0110 0110 0110 0011 1110 0000 0000
vram_tile[11B]=1111 1100 1100 0110 1100 0110 1111 1100 1101 1000 1100 1100 1100 0110 0000 0000
vram_tile[11C]=0111 1000 1100 1100 1100 0000 0111 1100 0000 0110 1100 0110 0111 1100 0000 0000
screenshot=C:\Users\Jake Diggity\Documents\GitHub\NES-TO-SEGA-GENESIS\diag\reports\screens\zelda_v588_register_state_settled_f398.png

=== SUMMARY ===
final frame=398 ready=1 script=14 sub=4 ppu=00 slot=0
