=== ROOM WRITE TRACE zelda_v389 ===
Frames observed: 850..1700
Final script=5 sub=0 ready=1 map=00 next=00

Region summaries:
6530 total=44 nonzero=37 unique=44 first_frame=1265 last_frame=1265
687E total=128 nonzero=8 unique=128 first_frame=887 last_frame=887
68FE total=128 nonzero=42 unique=128 first_frame=887 last_frame=887
697E total=128 nonzero=28 unique=128 first_frame=887 last_frame=888
69FE total=128 nonzero=9 unique=128 first_frame=888 last_frame=888
6A7E total=128 nonzero=0 unique=128 first_frame=888 last_frame=888
6AFE total=128 nonzero=0 unique=128 first_frame=888 last_frame=888

First events:
frame,region,addr,value,pc,script,sub,ready,map,next
887,687E,FF687E,00,018626,2,0,0,00,00
887,687E,FF687F,00,018626,2,0,0,00,00
887,687E,FF6880,00,018626,2,0,0,00,00
887,687E,FF6881,6C,018626,2,0,0,00,00
887,687E,FF6882,00,018626,2,0,0,00,00
887,687E,FF6883,00,018626,2,0,0,00,00
887,687E,FF6884,00,018626,2,0,0,00,00
887,687E,FF6885,00,018626,2,0,0,00,00
887,687E,FF6886,00,018626,2,0,0,00,00
887,687E,FF6887,00,018626,2,0,0,00,00
887,687E,FF6888,00,018626,2,0,0,00,00
887,687E,FF6889,00,018626,2,0,0,00,00
887,687E,FF688A,00,018626,2,0,0,00,00
887,687E,FF688B,00,018626,2,0,0,00,00
887,687E,FF688C,00,018626,2,0,0,00,00
887,687E,FF688D,00,018626,2,0,0,00,00
887,687E,FF688E,00,018626,2,0,0,00,00
887,687E,FF688F,00,018626,2,0,0,00,00
887,687E,FF6890,00,018626,2,0,0,00,00
887,687E,FF6891,00,018626,2,0,0,00,00
887,687E,FF6892,00,018626,2,0,0,00,00
887,687E,FF6893,00,018626,2,0,0,00,00
887,687E,FF6894,00,018626,2,0,0,00,00
887,687E,FF6895,00,018626,2,0,0,00,00
887,687E,FF6896,00,018626,2,0,0,00,00
887,687E,FF6897,00,018626,2,0,0,00,00
887,687E,FF6898,00,018626,2,0,0,00,00
887,687E,FF6899,00,018626,2,0,0,00,00
887,687E,FF689A,6C,018626,2,0,0,00,00
887,687E,FF689B,00,018626,2,0,0,00,00
887,687E,FF689C,00,018626,2,0,0,00,00
887,687E,FF689D,00,018626,2,0,0,00,00
887,687E,FF689E,00,018626,2,0,0,00,00
887,687E,FF689F,00,018626,2,0,0,00,00
887,687E,FF68A0,00,018626,2,0,0,00,00
887,687E,FF68A1,6C,018626,2,0,0,00,00
887,687E,FF68A2,00,018626,2,0,0,00,00
887,687E,FF68A3,00,018626,2,0,0,00,00
887,687E,FF68A4,00,018626,2,0,0,00,00
887,687E,FF68A5,00,018626,2,0,0,00,00
887,687E,FF68A6,00,018626,2,0,0,00,00
887,687E,FF68A7,00,018626,2,0,0,00,00
887,687E,FF68A8,00,018626,2,0,0,00,00
887,687E,FF68A9,00,018626,2,0,0,00,00
887,687E,FF68AA,00,018626,2,0,0,00,00
887,687E,FF68AB,00,018626,2,0,0,00,00
887,687E,FF68AC,00,018626,2,0,0,00,00
887,687E,FF68AD,00,018626,2,0,0,00,00
887,687E,FF68AE,00,018626,2,0,0,00,00
887,687E,FF68AF,00,018626,2,0,0,00,00
887,687E,FF68B0,00,018626,2,0,0,00,00
887,687E,FF68B1,00,018626,2,0,0,00,00
887,687E,FF68B2,00,018626,2,0,0,00,00
887,687E,FF68B3,00,018626,2,0,0,00,00
887,687E,FF68B4,00,018626,2,0,0,00,00
887,687E,FF68B5,00,018626,2,0,0,00,00
887,687E,FF68B6,00,018626,2,0,0,00,00
887,687E,FF68B7,00,018626,2,0,0,00,00
887,687E,FF68B8,00,018626,2,0,0,00,00
887,687E,FF68B9,00,018626,2,0,0,00,00
887,687E,FF68BA,6C,018626,2,0,0,00,00
887,687E,FF68BB,00,018626,2,0,0,00,00
887,687E,FF68BC,00,018626,2,0,0,00,00
887,687E,FF68BD,00,018626,2,0,0,00,00
887,687E,FF68BE,00,018626,2,0,0,00,00
887,687E,FF68BF,00,018626,2,0,0,00,00
887,687E,FF68C0,00,018626,2,0,0,00,00
887,687E,FF68C1,6C,018626,2,0,0,00,00
887,687E,FF68C2,00,018626,2,0,0,00,00
887,687E,FF68C3,00,018626,2,0,0,00,00
887,687E,FF68C4,00,018626,2,0,0,00,00
887,687E,FF68C5,00,018626,2,0,0,00,00
887,687E,FF68C6,00,018626,2,0,0,00,00
887,687E,FF68C7,00,018626,2,0,0,00,00
887,687E,FF68C8,00,018626,2,0,0,00,00
887,687E,FF68C9,00,018626,2,0,0,00,00
887,687E,FF68CA,00,018626,2,0,0,00,00
887,687E,FF68CB,00,018626,2,0,0,00,00
887,687E,FF68CC,00,018626,2,0,0,00,00
887,687E,FF68CD,00,018626,2,0,0,00,00
887,687E,FF68CE,00,018626,2,0,0,00,00
887,687E,FF68CF,00,018626,2,0,0,00,00
887,687E,FF68D0,00,018626,2,0,0,00,00
887,687E,FF68D1,00,018626,2,0,0,00,00
887,687E,FF68D2,00,018626,2,0,0,00,00
887,687E,FF68D3,00,018626,2,0,0,00,00
887,687E,FF68D4,00,018626,2,0,0,00,00
887,687E,FF68D5,00,018626,2,0,0,00,00
887,687E,FF68D6,00,018626,2,0,0,00,00
887,687E,FF68D7,00,018626,2,0,0,00,00
887,687E,FF68D8,00,018626,2,0,0,00,00
887,687E,FF68D9,00,018626,2,0,0,00,00
887,687E,FF68DA,6C,018626,2,0,0,00,00
887,687E,FF68DB,00,018626,2,0,0,00,00
887,687E,FF68DC,00,018626,2,0,0,00,00
887,687E,FF68DD,00,018626,2,0,0,00,00
887,687E,FF68DE,00,018626,2,0,0,00,00
887,687E,FF68DF,00,018626,2,0,0,00,00
887,687E,FF68E0,00,018626,2,0,0,00,00
887,687E,FF68E1,6C,018626,2,0,0,00,00
887,687E,FF68E2,00,018626,2,0,0,00,00
887,687E,FF68E3,00,018626,2,0,0,00,00
887,687E,FF68E4,00,018626,2,0,0,00,00
887,687E,FF68E5,00,018626,2,0,0,00,00
887,687E,FF68E6,00,018626,2,0,0,00,00
887,687E,FF68E7,00,018626,2,0,0,00,00
887,687E,FF68E8,00,018626,2,0,0,00,00
887,687E,FF68E9,00,018626,2,0,0,00,00
887,687E,FF68EA,00,018626,2,0,0,00,00
887,687E,FF68EB,00,018626,2,0,0,00,00
887,687E,FF68EC,00,018626,2,0,0,00,00
887,687E,FF68ED,00,018626,2,0,0,00,00
887,687E,FF68EE,00,018626,2,0,0,00,00
887,687E,FF68EF,00,018626,2,0,0,00,00
887,687E,FF68F0,00,018626,2,0,0,00,00
887,687E,FF68F1,00,018626,2,0,0,00,00
887,687E,FF68F2,00,018626,2,0,0,00,00
887,687E,FF68F3,00,018626,2,0,0,00,00
887,687E,FF68F4,00,018626,2,0,0,00,00
887,687E,FF68F5,00,018626,2,0,0,00,00
