=== TITLE BG REGIONS zelda v688 ===
sample_frame=163
screenshot=C:\Users\Jake Diggity\Documents\GitHub\NES-TO-SEGA-GENESIS\diag\reports\screens\title_bg_regions_zelda v688.png
nes[08] count=880 box=(41,40)-(215,143) samples=(45,40) (213,40) (44,41) (49,41) (65,41) (81,41) (97,41) (113,41)
nes[1A] count=1106 box=(40,41)-(215,135) samples=(45,41) (47,41) (48,41) (53,41) (54,41) (58,41) (64,41) (69,41)
nes[22] count=67 box=(176,104)-(199,119) samples=(181,104) (182,104) (183,104) (184,104) (180,105) (181,105) (184,105) (185,105)
nes[28] count=692 box=(40,41)-(215,135) samples=(40,41) (41,41) (43,41) (50,41) (51,41) (52,41) (59,41) (60,41)
nes[30] count=271 box=(56,106)-(195,115) samples=(182,106) (183,106) (188,106) (189,106) (191,106) (192,106) (194,106) (195,106)
nes[36] count=26207 box=(24,8)-(231,183) samples=(24,8) (25,8) (26,8) (27,8) (28,8) (29,8) (30,8) (31,8)
nes[37] count=1146 box=(92,56)-(162,126) samples=(93,56) (94,56) (95,56) (96,56) (97,56) (98,56) (99,56) (100,56)
nes[3B] count=159 box=(72,104)-(198,119) samples=(179,104) (178,105) (179,105) (197,105) (178,106) (197,106) (198,106) (178,107)
=== TITLE BG REGIONS COMPLETE ===
